{
  "fragments": [
    "NAR_ST_43B_FR_01_F_01_R_02.PLY",
    "NAR_ST_43B_FR_02_F_01_R_01.PLY",
    "NAR_ST_43B_FR_03_F_01_R_01.PLY",
    "NAR_ST_43B_FR_04_F_01_R_01.PLY",
    "NAR_ST_43B_FR_05_F_01_R_01.PLY",
    "NAR_ST_43B_FR_06_F_01_R_01.PLY",
    "NAR_ST_43B_FR_07_F_01_R_01.PLY",
    "NAR_ST_43B_FR_08_F_01_R_01.PLY",
    "NAR_ST_43B_FR_09_F_01_R_01.PLY",
    "NAR_ST_43B_FR_10_F_01_R_01.PLY",
    "NAR_ST_43B_FR_11_F_01_R_01.PLY",
    "NAR_ST_43B_FR_12_F_01_R_01.PLY",
    "NAR_ST_43B_FR_13_F_01_R_01.PLY",
    "NAR_ST_43B_FR_14_F_01_R_01.PLY",
    "NAR_ST_43B_FR_15_F_01_R_01.PLY",
    "NAR_ST_43B_FR_16_F_01_R_01.PLY",
    "NAR_ST_43B_FR_17_F_01_R_01.PLY"
  ],
  "poses": [
    [
      [
        0.9999999999999998,
        2.7755575615628914e-17,
        2.42861286636753e-17,
        0.0
      ],
      [
        -1.3877787807814457e-17,
        0.9999999999999999,
        -2.7755575615628914e-17,
        7.105427357601002e-15
      ],
      [
        -2.0816681711721685e-17,
        2.7755575615628914e-17,
        1.0,
        0.0
      ],
      [
        0.0,
        0.0,
        0.0,
        1.0
      ]
    ],
    [
      [
        0.9576044355219728,
        0.23810382705510327,
        0.1621737112184296,
        1.5858065650985367
      ],
      [
        -0.2501522661331418,
        0.9664591070445129,
        0.05814325549172486,
        -7.107395750107656
      ],
      [
        -0.14289012848023624,
        -0.09624636072307383,
        0.9850477395692386,
        -21.816658493562286
      ],
      [
        0.0,
        0.0,
        0.0,
        1.0
      ]
    ],
    [
      [
        0.7545179381406214,
        0.6527144677429525,
        -0.06831181905834753,
        8.65273727380621
      ],
      [
        -0.5943643786028387,
        0.7237579098360383,
        0.350578769177241,
        -37.38941049882095
      ],
      [
        0.2782690541042696,
        -0.2239158581896441,
        0.9340385548675756,
        -15.541243601809967
      ],
      [
        0.0,
        0.0,
        0.0,
        1.0
      ]
    ],
    [
      [
        -0.2835172599010509,
        0.3916179806301371,
        -0.8753589667018741,
        -6.37987857685475
      ],
      [
        0.13506540604828143,
        -0.8874079769349397,
        -0.4407543744096566,
        -79.40755539015875
      ],
      [
        -0.94940786779298,
        -0.24319218679762158,
        0.19870143646531024,
        -13.959763088009481
      ],
      [
        0.0,
        0.0,
        0.0,
        1.0
      ]
    ],
    [
      [
        0.37617643337762197,
        -0.3801423286304223,
        0.8449752073018081,
        -16.219214153907984
      ],
      [
        -0.33670795746329013,
        -0.9056986280571309,
        -0.2575611510230726,
        -13.344845478014967
      ],
      [
        0.8632027817101802,
        -0.18762144098921807,
        -0.4686994266360244,
        23.2029447225988
      ],
      [
        0.0,
        0.0,
        0.0,
        1.0
      ]
    ],
    [
      [
        -0.5771575966042658,
        -0.4918677076708834,
        0.6518859308441765,
        -37.92033623289248
      ],
      [
        0.2579403049660962,
        -0.8671964117983606,
        -0.4259544370446699,
        1.136503208384056
      ],
      [
        0.7748263726513077,
        -0.0776951833425717,
        0.6273815033369863,
        2.9057889357709996
      ],
      [
        0.0,
        0.0,
        0.0,
        1.0
      ]
    ],
    [
      [
        0.8847148564833605,
        -0.4600823150153157,
        -0.07485910851578255,
        -70.4478845494042
      ],
      [
        -0.220098461525072,
        -0.5538882091937445,
        0.8029723027293294,
        93.73260184551006
      ],
      [
        -0.41089693349053713,
        -0.6939251509538311,
        -0.5912965372144314,
        -92.799337164653
      ],
      [
        0.0,
        0.0,
        0.0,
        1.0
      ]
    ],
    [
      [
        -0.7045194891874648,
        -0.4608025365880951,
        -0.5397344825273007,
        -6.514998862846781
      ],
      [
        -0.6900050135127905,
        0.6226217774229418,
        0.3691005331964575,
        53.09436835094169
      ],
      [
        0.16596798089465192,
        0.6324580180159598,
        -0.7566052370721981,
        151.96985483920758
      ],
      [
        0.0,
        0.0,
        0.0,
        1.0
      ]
    ],
    [
      [
        -0.8801829983423126,
        0.4235779404111726,
        -0.2141485881955953,
        -9.288485301447423
      ],
      [
        0.442841983775495,
        0.5705346289264701,
        -0.6916510786527531,
        -0.2736310634765502
      ],
      [
        -0.17078895407759653,
        -0.7036135058345327,
        -0.6897529757618427,
        26.30487719087232
      ],
      [
        0.0,
        0.0,
        0.0,
        1.0
      ]
    ],
    [
      [
        -0.8649050798923303,
        0.4042959235025746,
        -0.29746261784574657,
        -60.73459713774281
      ],
      [
        0.4029445526561988,
        0.9126347133338119,
        0.06880092661298517,
        5.737990954282431
      ],
      [
        0.299290645128008,
        -0.06035467055092478,
        -0.9522512396849635,
        -33.81590183642841
      ],
      [
        0.0,
        0.0,
        0.0,
        1.0
      ]
    ],
    [
      [
        0.6107771897238445,
        -0.555615027454998,
        0.5641304510299238,
        -39.023034561071796
      ],
      [
        -0.008999055224325939,
        0.7075465383845501,
        0.706609448723341,
        -40.99188794657514
      ],
      [
        -0.7917513760759206,
        -0.4366575744060977,
        0.42715327599781855,
        -35.541359986902435
      ],
      [
        0.0,
        0.0,
        0.0,
        1.0
      ]
    ],
    [
      [
        0.0245773986133888,
        -0.571870278859121,
        0.8199758140548954,
        -77.92474213370394
      ],
      [
        -0.978350440496451,
        0.15484001630683641,
        0.13731345502352707,
        30.993672520210566
      ],
      [
        -0.2054905522348877,
        -0.8055985063961381,
        -0.5556839744265742,
        -10.832890839999664
      ],
      [
        0.0,
        0.0,
        0.0,
        1.0
      ]
    ],
    [
      [
        0.5504970096749896,
        0.5131884493724111,
        0.6584760115369717,
        -88.26522836573372
      ],
      [
        0.5905569632272664,
        -0.796885290613879,
        0.1273432636106893,
        33.60409494461601
      ],
      [
        0.5900809398063006,
        0.31876550791133695,
        -0.7417499817616041,
        -18.278350706429976
      ],
      [
        0.0,
        0.0,
        0.0,
        1.0
      ]
    ],
    [
      [
        0.3344533081479245,
        -0.35779470711260014,
        0.8718508658200224,
        -86.32907061770246
      ],
      [
        -0.9423534070116282,
        -0.1373143719415623,
        0.30514720964129305,
        34.804588037665994
      ],
      [
        0.010537597566948304,
        -0.9236491275481745,
        -0.3830943072103959,
        -16.89328150836313
      ],
      [
        0.0,
        0.0,
        0.0,
        1.0
      ]
    ],
    [
      [
        -0.4779023572105474,
        0.41306726283472617,
        -0.7752320770884229,
        -77.36223833614798
      ],
      [
        -0.865708504385855,
        -0.3710347502549295,
        0.335979165332113,
        31.384559166062374
      ],
      [
        -0.14885604591888218,
        0.8316902370940077,
        0.5349142240732689,
        -21.728773914608183
      ],
      [
        0.0,
        0.0,
        0.0,
        1.0
      ]
    ],
    [
      [
        0.3804845756611273,
        0.2209782560660132,
        -0.8979978274082835,
        -110.95415581942868
      ],
      [
        0.47296185847912764,
        0.7879356984864667,
        0.39428976080366546,
        45.444146854218246
      ],
      [
        0.7946940091053554,
        -0.574739893688149,
        0.19528309321442022,
        -17.317587655361763
      ],
      [
        0.0,
        0.0,
        0.0,
        1.0
      ]
    ],
    [
      [
        -0.5416709456608937,
        0.4384704060445199,
        0.7171724267217681,
        -101.15110079311438
      ],
      [
        -0.8280779434508301,
        -0.1316805109716322,
        -0.5449285848627252,
        47.31226728678176
      ],
      [
        -0.14449742626453688,
        -0.8890466500996461,
        0.43441517900450866,
        -24.278107664581654
      ],
      [
        0.0,
        0.0,
        0.0,
        1.0
      ]
    ]
  ]
}