{
  "fragments": [
    "NAR_ST_43B_FR_01_F_01_R_02.PLY",
    "NAR_ST_43B_FR_02_F_01_R_01.PLY",
    "NAR_ST_43B_FR_03_F_01_R_01.PLY",
    "NAR_ST_43B_FR_04_F_01_R_01.PLY",
    "NAR_ST_43B_FR_05_F_01_R_01.PLY",
    "NAR_ST_43B_FR_06_F_01_R_01.PLY",
    "NAR_ST_43B_FR_07_F_01_R_01.PLY",
    "NAR_ST_43B_FR_08_F_01_R_01.PLY",
    "NAR_ST_43B_FR_09_F_01_R_01.PLY",
    "NAR_ST_43B_FR_10_F_01_R_01.PLY",
    "NAR_ST_43B_FR_11_F_01_R_01.PLY",
    "NAR_ST_43B_FR_12_F_01_R_01.PLY",
    "NAR_ST_43B_FR_13_F_01_R_01.PLY",
    "NAR_ST_43B_FR_14_F_01_R_01.PLY",
    "NAR_ST_43B_FR_15_F_01_R_01.PLY",
    "NAR_ST_43B_FR_16_F_01_R_01.PLY",
    "NAR_ST_43B_FR_17_F_01_R_01.PLY"
  ],
  "poses": [
    [
      [
        1.0,
        0.0,
        5.551115123125783e-17,
        8.881784197001252e-16
      ],
      [
        -2.7755575615628914e-17,
        1.0,
        1.3877787807814457e-17,
        -1.7763568394002505e-15
      ],
      [
        5.551115123125783e-17,
        -4.163336342344337e-17,
        1.0,
        1.7763568394002505e-15
      ],
      [
        0.0,
        0.0,
        0.0,
        1.0
      ]
    ],
    [
      [
        0.9942019909529614,
        0.10684644365768736,
        -0.012092917881033116,
        2.743042956074878
      ],
      [
        -0.1075091062649997,
        0.9898573099552748,
        -0.09286709857753873,
        -19.196076248684037
      ],
      [
        0.002047743947411307,
        0.09362875309334123,
        0.9956050739821035,
        6.481964586673779
      ],
      [
        0.0,
        0.0,
        0.0,
        1.0
      ]
    ],
    [
      [
        -0.9697797358466806,
        -0.19430646101288623,
        0.14755427187916592,
        -13.734733365865882
      ],
      [
        0.03855705907029418,
        0.4751223926168228,
        0.879074550439218,
        -29.4168883569898
      ],
      [
        -0.2409162035584007,
        0.8581979440914025,
        -0.4532721827117709,
        -12.577631763623424
      ],
      [
        0.0,
        0.0,
        0.0,
        1.0
      ]
    ],
    [
      [
        0.8463332642097989,
        -0.49238150122172725,
        -0.2031759413578001,
        -8.502499677173127
      ],
      [
        -0.4898640684242883,
        -0.8692881511167948,
        0.06611584374978217,
        -3.2317347019397786
      ],
      [
        -0.20917265681439412,
        0.043572555382726474,
        -0.9769074838789096,
        -10.675045529010289
      ],
      [
        0.0,
        0.0,
        0.0,
        1.0
      ]
    ],
    [
      [
        -0.980236141982361,
        0.19583346627626802,
        -0.02804210116520911,
        -2.016042372453634
      ],
      [
        -0.11218729774610996,
        -0.43351419549047937,
        0.8941361487674395,
        -73.12948794555435
      ],
      [
        0.16294513240954156,
        0.8796105364276077,
        0.4469163098719632,
        -67.30832274025674
      ],
      [
        0.0,
        0.0,
        0.0,
        1.0
      ]
    ],
    [
      [
        -0.889028614487699,
        -0.23098975310817205,
        0.3953123531855677,
        -6.677123150442026
      ],
      [
        0.4389603077271723,
        -0.1845600286480856,
        0.8793471692485759,
        -33.78675343393517
      ],
      [
        -0.130161326292227,
        0.9552912277334284,
        0.26547447966500526,
        -34.93831434927364
      ],
      [
        0.0,
        0.0,
        0.0,
        1.0
      ]
    ],
    [
      [
        -0.6667205793784561,
        -0.7444671060322199,
        0.035389222501645945,
        -3.7068319987318654
      ],
      [
        0.7117830626355546,
        -0.6219318709448661,
        0.32644389969513643,
        -44.22071969043892
      ],
      [
        -0.22101705992617585,
        0.24283631511581716,
        0.9445538540933269,
        -29.744427490611855
      ],
      [
        0.0,
        0.0,
        0.0,
        1.0
      ]
    ],
    [
      [
        -0.8151881154981925,
        0.13198829834345976,
        0.5639569358123967,
        96.82800338967073
      ],
      [
        0.550528832700375,
        0.479106793338513,
        0.6836480709710582,
        107.09065648264136
      ],
      [
        -0.1799620535448292,
        0.8677763362049491,
        -0.4632255278011359,
        -70.4481717810684
      ],
      [
        0.0,
        0.0,
        0.0,
        1.0
      ]
    ],
    [
      [
        -0.6960304412277271,
        0.33795526753462235,
        0.6335044293688412,
        27.47765962501465
      ],
      [
        0.7057598604938351,
        0.48431781245606276,
        0.5170486203960865,
        13.102102541307486
      ],
      [
        -0.1320781745787752,
        0.8069835770840541,
        -0.5756152031666312,
        2.201473564097302
      ],
      [
        0.0,
        0.0,
        0.0,
        1.0
      ]
    ],
    [
      [
        -0.13610982187001677,
        0.7338954687333928,
        0.6654859557970472,
        7.976067037125025
      ],
      [
        -0.9830578619707283,
        -0.18329236257869871,
        0.0010723049269055346,
        0.8588788823867723
      ],
      [
        0.12276545282793788,
        -0.6540652496448001,
        0.746409601223774,
        -8.619379604748627
      ],
      [
        0.0,
        0.0,
        0.0,
        1.0
      ]
    ],
    [
      [
        0.7840242987087073,
        0.09539578830288586,
        -0.613355967288487,
        -32.24181077098383
      ],
      [
        0.2342422864416816,
        -0.9605321320022298,
        0.15002857939014747,
        41.08764372178672
      ],
      [
        -0.5748360203370123,
        -0.26129995592292954,
        -0.7754262587491988,
        -12.506003982492937
      ],
      [
        0.0,
        0.0,
        0.0,
        1.0
      ]
    ],
    [
      [
        0.9602876306830856,
        -0.1253993570160744,
        -0.2492441927448345,
        -8.069912699304915
      ],
      [
        -0.14973282929094373,
        0.5221615651736672,
        -0.8395995353071093,
        -40.66099375083533
      ],
      [
        0.2354309796725942,
        0.8435770866467045,
        0.48264889173710845,
        -19.313224042032704
      ],
      [
        0.0,
        0.0,
        0.0,
        1.0
      ]
    ],
    [
      [
        -0.6606996724563065,
        -0.7275836438761745,
        -0.18465639436531878,
        -3.5040967784768915
      ],
      [
        0.6715787889428184,
        -0.6828358084520645,
        0.28760596123465754,
        -43.646951466745115
      ],
      [
        -0.33534739160790444,
        0.06600984668581084,
        0.939779137394681,
        -29.476559914526582
      ],
      [
        0.0,
        0.0,
        0.0,
        1.0
      ]
    ],
    [
      [
        -0.4502604098259656,
        -0.6921794357295101,
        0.5640506999344426,
        -3.338391967712475
      ],
      [
        0.8897283453112972,
        -0.4009802038432085,
        0.21817045555133485,
        -41.518010980802224
      ],
      [
        0.07516006182124538,
        0.6000854146528125,
        0.796397174924665,
        -29.251687449359043
      ],
      [
        0.0,
        0.0,
        0.0,
        1.0
      ]
    ],
    [
      [
        0.15251662283326278,
        -0.4163737528880588,
        -0.8963099785595678,
        -0.671935850360037
      ],
      [
        -0.7656799357937238,
        -0.623204919781465,
        0.1592164058226864,
        -34.10804389915988
      ],
      [
        -0.6248783207012824,
        0.6620034183190362,
        -0.4138581380756642,
        -32.53544467005985
      ],
      [
        0.0,
        0.0,
        0.0,
        1.0
      ]
    ],
    [
      [
        0.17913347070169833,
        -0.3293299979860802,
        -0.9270668541701046,
        -23.21982374447368
      ],
      [
        -0.9807729069997554,
        0.014386483530794053,
        -0.19462151470704697,
        -40.956404482116646
      ],
      [
        0.0774319350759822,
        0.9441052809502252,
        -0.3204208387609669,
        -19.265652414107805
      ],
      [
        0.0,
        0.0,
        0.0,
        1.0
      ]
    ],
    [
      [
        -0.9999083668923618,
        0.013405916918851478,
        0.001881278878854642,
        -0.9955627981244204
      ],
      [
        -0.01316257753975622,
        -0.9952681925599755,
        0.09627030399303305,
        -38.65781799954156
      ],
      [
        0.0031629687265420925,
        0.0962367199667871,
        0.9953534494634901,
        -25.97173002141972
      ],
      [
        0.0,
        0.0,
        0.0,
        1.0
      ]
    ]
  ]
}