{
  "fragments": [
    "NAR_ST_43B_FR_01_F_01_R_02.PLY",
    "NAR_ST_43B_FR_02_F_01_R_01.PLY",
    "NAR_ST_43B_FR_03_F_01_R_01.PLY",
    "NAR_ST_43B_FR_04_F_01_R_01.PLY",
    "NAR_ST_43B_FR_05_F_01_R_01.PLY",
    "NAR_ST_43B_FR_06_F_01_R_01.PLY",
    "NAR_ST_43B_FR_07_F_01_R_01.PLY",
    "NAR_ST_43B_FR_08_F_01_R_01.PLY",
    "NAR_ST_43B_FR_09_F_01_R_01.PLY",
    "NAR_ST_43B_FR_10_F_01_R_01.PLY",
    "NAR_ST_43B_FR_11_F_01_R_01.PLY",
    "NAR_ST_43B_FR_12_F_01_R_01.PLY",
    "NAR_ST_43B_FR_13_F_01_R_01.PLY",
    "NAR_ST_43B_FR_14_F_01_R_01.PLY",
    "NAR_ST_43B_FR_15_F_01_R_01.PLY",
    "NAR_ST_43B_FR_16_F_01_R_01.PLY",
    "NAR_ST_43B_FR_17_F_01_R_01.PLY"
  ],
  "poses": [
    [
      [
        0.9999999999999999,
        6.938893903907228e-18,
        0.0,
        1.0658141036401503e-14
      ],
      [
        2.7755575615628914e-17,
        0.9999999999999999,
        -2.7755575615628914e-17,
        1.4210854715202004e-14
      ],
      [
        -2.7755575615628914e-17,
        -2.7755575615628914e-17,
        1.0,
        0.0
      ],
      [
        0.0,
        0.0,
        0.0,
        1.0
      ]
    ],
    [
      [
        0.9965905415615604,
        0.08243990130387863,
        -0.0033098554406424674,
        3.184119099309962
      ],
      [
        -0.0824472622441765,
        0.9935579853885651,
        -0.07774946057082871,
        -11.83633499483851
      ],
      [
        -0.003121124552357024,
        0.0777572655359049,
        0.9969674348933911,
        -17.425050655280202
      ],
      [
        0.0,
        0.0,
        0.0,
        1.0
      ]
    ],
    [
      [
        0.9247761910277933,
        0.3167750757104957,
        0.21081401261950605,
        38.38376154636154
      ],
      [
        -0.23619128320713603,
        0.9122524271462775,
        -0.33467773589333727,
        23.356439018907324
      ],
      [
        -0.2983331598148199,
        0.25970956966259834,
        0.918448836452293,
        -11.70587124542017
      ],
      [
        0.0,
        0.0,
        0.0,
        1.0
      ]
    ],
    [
      [
        0.6513303141463858,
        -0.4808197693869659,
        0.5870103672343734,
        50.81314064896039
      ],
      [
        0.5616853745226702,
        0.8256479113386864,
        0.05305720073079989,
        -19.552825816926905
      ],
      [
        -0.51017483466092,
        0.2951573747490095,
        0.8078389457125565,
        -24.877658880499567
      ],
      [
        0.0,
        0.0,
        0.0,
        1.0
      ]
    ],
    [
      [
        -0.6214321439157466,
        0.19774515697959422,
        -0.758102198519035,
        121.53247526450652
      ],
      [
        0.44740693831429457,
        0.8839000261048867,
        -0.13619021771041595,
        9.70434324341268
      ],
      [
        0.6431555970809154,
        -0.42381316254087387,
        -0.6377564434802611,
        41.678468155704294
      ],
      [
        0.0,
        0.0,
        0.0,
        1.0
      ]
    ],
    [
      [
        -0.4928085089841664,
        -0.41947768801892915,
        -0.7623504723728409,
        75.25646261625987
      ],
      [
        0.8239755623676229,
        0.056604060957567565,
        -0.5637909656105435,
        7.884646997579452
      ],
      [
        0.2796498633894934,
        -0.9059991443359114,
        0.31774440100311974,
        -42.92459379465351
      ],
      [
        0.0,
        0.0,
        0.0,
        1.0
      ]
    ],
    [
      [
        -0.636660111502653,
        0.7602812965736554,
        0.12898159753123406,
        -92.2635362906744
      ],
      [
        0.6751608919747716,
        0.4687495407096741,
        0.5695890079981341,
        -173.0260144018433
      ],
      [
        0.3725878049121568,
        0.44971793178029507,
        -0.8117463332014454,
        -89.2504296104178
      ],
      [
        0.0,
        0.0,
        0.0,
        1.0
      ]
    ],
    [
      [
        -0.7505281839549263,
        0.656748152330251,
        0.07341191660840546,
        27.34731977833799
      ],
      [
        0.5516334358753832,
        0.5614547527366321,
        0.6168217838677263,
        24.13130756158958
      ],
      [
        0.36387909738488305,
        0.5034386010629746,
        -0.7836718557190336,
        -95.92489250968006
      ],
      [
        0.0,
        0.0,
        0.0,
        1.0
      ]
    ],
    [
      [
        -0.481727780294508,
        0.8289923376071967,
        -0.28409514230461996,
        75.77815595350742
      ],
      [
        0.5552370266631099,
        0.5395518740230221,
        0.632926235402318,
        3.62527256725825
      ],
      [
        0.6779750658503866,
        0.14715800836786552,
        -0.7202043672863729,
        -34.90377277539854
      ],
      [
        0.0,
        0.0,
        0.0,
        1.0
      ]
    ],
    [
      [
        -0.8638008897605262,
        0.42027499331491314,
        0.2778793854230128,
        55.9523338967484
      ],
      [
        0.483952389731236,
        0.5387090038775733,
        0.6896250384191819,
        0.08180959718518466
      ],
      [
        0.14013603149207388,
        0.7301791144201396,
        -0.6687304042304869,
        -30.597541394491657
      ],
      [
        0.0,
        0.0,
        0.0,
        1.0
      ]
    ],
    [
      [
        -0.7950823597085628,
        0.4970235726149755,
        0.3475796448949638,
        35.244727644242396
      ],
      [
        0.56779884515536,
        0.40854382740241296,
        0.7146302628154124,
        -0.9573852872559812
      ],
      [
        0.21318656787073467,
        0.765545236649297,
        -0.6070354008812529,
        -60.21449620239302
      ],
      [
        0.0,
        0.0,
        0.0,
        1.0
      ]
    ],
    [
      [
        0.5819834274460858,
        0.8077944498750637,
        0.0936131237014877,
        -96.64375218591626
      ],
      [
        -0.6664097564232808,
        0.5397316634990396,
        -0.514380956063132,
        -164.2493195235353
      ],
      [
        -0.4660400484099722,
        0.23697649285868483,
        0.8524369860056673,
        -97.32963669929121
      ],
      [
        0.0,
        0.0,
        0.0,
        1.0
      ]
    ],
    [
      [
        -0.45122415104405567,
        0.8763636007026726,
        -0.16847434486596982,
        -92.75018733445172
      ],
      [
        0.831248949653747,
        0.48142789447351103,
        0.27794309871328754,
        -177.35653374744714
      ],
      [
        0.3246874639004623,
        -0.014629483457984926,
        -0.9457082155716101,
        -87.97353265373934
      ],
      [
        0.0,
        0.0,
        0.0,
        1.0
      ]
    ],
    [
      [
        -0.6334567008048684,
        0.7737677089768962,
        -0.00401755523376271,
        -95.16853105359773
      ],
      [
        0.7561961171170071,
        0.6201552998265781,
        0.20874586595706887,
        -174.98580347151932
      ],
      [
        0.1640123186305632,
        0.1291934078877453,
        -0.9779616672936507,
        -89.35923419226444
      ],
      [
        0.0,
        0.0,
        0.0,
        1.0
      ]
    ],
    [
      [
        -0.629050551015687,
        -0.7773372639215479,
        0.006494796826744975,
        -99.22254481490702
      ],
      [
        -0.7449884011737282,
        0.6004444687962467,
        -0.2906178280983548,
        -174.8138361982688
      ],
      [
        0.2220083025102252,
        -0.18765185320415792,
        -0.9568171693722736,
        -79.9881649510735
      ],
      [
        0.0,
        0.0,
        0.0,
        1.0
      ]
    ],
    [
      [
        -0.003253221701659502,
        0.8545927677585448,
        -0.5192885689511659,
        -90.7246120060237
      ],
      [
        0.9381143824095943,
        0.18244503623078798,
        0.29437257730809213,
        -162.31528879974903
      ],
      [
        0.34631029737046715,
        -0.48619441589711415,
        -0.8022993006887403,
        -101.13748076779629
      ],
      [
        0.0,
        0.0,
        0.0,
        1.0
      ]
    ],
    [
      [
        -0.31747188486175126,
        0.5964062643288075,
        0.73723210062482,
        -85.23266655646546
      ],
      [
        0.37033371132986925,
        -0.6377326523827194,
        0.6753887816195538,
        -171.99090786317817
      ],
      [
        0.8729630831684521,
        0.48743884945114574,
        -0.01840715813944588,
        -91.80451494812966
      ],
      [
        0.0,
        0.0,
        0.0,
        1.0
      ]
    ]
  ]
}